<?xml version="1.0" encoding="UTF-8"?>
<svg id="_層_1" data-name="圖層 1" xmlns="http://www.w3.org/2000/svg" viewBox="0 0 900 250">
  <defs>
    <style>
      .cls-1 {
        fill: #cf8289;
      }

      .cls-2 {
        fill: #eecd4d;
      }

      .cls-3 {
        fill: #c37a81;
      }

      .cls-4 {
        fill: #22aeb4;
      }

      .cls-5 {
        fill: #eac445;
      }

      .cls-6 {
        fill: #1fa3a8;
      }
    </style>
  </defs>
  <g>
    <path class="cls-4" d="M769.77,212.4l5.17-10.57,5.26,10.52,11.68,1.64-8.41,8.25,2.04,11.58-10.46-5.43-10.41,5.52,1.94-11.6-8.48-8.17,11.66-1.74Z"/>
    <path class="cls-2" d="M769.77,219.36l5.17-10.57,5.26,10.52,11.68,1.64-8.41,8.25,2.04,11.58-10.46-5.43-10.41,5.52,1.94-11.6-8.48-8.17,11.66-1.74Z"/>
    <path class="cls-1" d="M769.77,226.32l5.17-10.57,5.26,10.53,11.68,1.64-8.41,8.24,2.04,11.58-10.46-5.43-10.41,5.52,1.94-11.6-8.48-8.17,11.66-1.74Z"/>
  </g>
  <g>
    <path class="cls-1" d="M783.1,170.72h-16.21l-8.1,13.94,8.1,13.94h16.21l8.11-13.94-8.11-13.94Z"/>
    <path class="cls-2" d="M783.1,161.65h-16.21l-8.1,13.94,8.1,13.94h16.21l8.11-13.94-8.11-13.94Z"/>
    <path class="cls-4" d="M783.1,152.59h-16.21l-8.1,13.94,8.1,13.94h16.21l8.11-13.94-8.11-13.94Z"/>
  </g>
  <g>
    <path class="cls-4" d="M866.9,180.47h16.21l8.1-13.94-8.1-13.94h-16.21l-8.11,13.94,8.11,13.94Z"/>
    <path class="cls-2" d="M866.9,189.53h16.21l8.1-13.94-8.1-13.94h-16.21l-8.11,13.94,8.11,13.94Z"/>
    <path class="cls-1" d="M866.9,198.59h16.21l8.1-13.94-8.1-13.94h-16.21l-8.11,13.94,8.11,13.94Z"/>
  </g>
  <g>
    <path class="cls-6" d="M139.43,17.04c0,2.86-.83,5.65-2.41,8.03-1.58,2.38-3.83,4.24-6.47,5.33s-5.54,1.39-8.34,.84c-2.8-.55-5.38-1.93-7.4-3.94-2.02-2.02-3.4-4.59-3.96-7.39-.56-2.8-.28-5.71,.82-8.35,1.09-2.64,2.94-4.9,5.32-6.48,2.37-1.59,5.17-2.44,8.02-2.43,3.82,0,7.49,1.51,10.2,4.21,2.71,2.7,4.23,6.37,4.23,10.19Z"/>
    <path class="cls-3" d="M139.43,26.16c0,2.86-.83,5.65-2.41,8.03-1.58,2.38-3.83,4.24-6.47,5.33-2.64,1.1-5.54,1.39-8.34,.84-2.8-.55-5.38-1.92-7.4-3.94-2.02-2.02-3.4-4.59-3.96-7.39-.56-2.8-.28-5.71,.81-8.35,1.09-2.64,2.94-4.9,5.32-6.49,2.37-1.59,5.17-2.44,8.02-2.44,3.82,0,7.49,1.51,10.2,4.21,2.71,2.7,4.23,6.37,4.24,10.19Z"/>
    <path class="cls-5" d="M139.43,34.88c0,2.86-.83,5.65-2.41,8.03-1.58,2.38-3.83,4.24-6.47,5.33-2.64,1.1-5.54,1.39-8.34,.84-2.8-.55-5.38-1.93-7.4-3.94-2.02-2.02-3.4-4.59-3.96-7.39-.56-2.8-.28-5.71,.82-8.35,1.09-2.64,2.94-4.9,5.32-6.48,2.37-1.59,5.17-2.44,8.02-2.43,3.82,0,7.49,1.51,10.2,4.21,2.71,2.7,4.23,6.37,4.23,10.19Z"/>
  </g>
  <g>
    <path class="cls-6" d="M125,131.74l-15.42-15.38,15.42-15.38,15.42,15.38-15.42,15.38Z"/>
    <path class="cls-3" d="M125,140.24l-15.42-15.38,15.42-15.38,15.42,15.38-15.42,15.38Z"/>
    <path class="cls-5" d="M125,148.97l-15.42-15.38,15.42-15.38,15.42,15.38-15.42,15.38Z"/>
  </g>
  <g>
    <path class="cls-5" d="M89.43,34.88c0,2.86-.83,5.65-2.41,8.03-1.58,2.38-3.83,4.24-6.47,5.33-2.64,1.1-5.54,1.39-8.34,.84-2.8-.55-5.38-1.92-7.4-3.94-2.02-2.02-3.4-4.59-3.96-7.39-.56-2.8-.28-5.71,.81-8.35,1.09-2.64,2.94-4.9,5.32-6.49,2.37-1.59,5.17-2.44,8.02-2.44,3.82,0,7.49,1.51,10.2,4.21,2.71,2.7,4.23,6.37,4.24,10.19Z"/>
    <path class="cls-6" d="M89.43,17.04c0,2.86-.83,5.65-2.41,8.03-1.58,2.38-3.83,4.24-6.47,5.33-2.64,1.1-5.54,1.39-8.34,.84-2.8-.55-5.38-1.92-7.4-3.94-2.02-2.02-3.4-4.59-3.96-7.39-.56-2.8-.28-5.71,.81-8.35,1.09-2.64,2.94-4.9,5.32-6.49,2.37-1.59,5.17-2.44,8.02-2.44,3.82,0,7.49,1.51,10.2,4.21,2.71,2.7,4.23,6.37,4.24,10.19Z"/>
    <path class="cls-3" d="M89.43,26.16c0,2.86-.83,5.65-2.41,8.03-1.58,2.38-3.83,4.24-6.47,5.33-2.64,1.1-5.54,1.39-8.34,.84-2.8-.55-5.38-1.92-7.4-3.94-2.02-2.02-3.4-4.59-3.96-7.39-.56-2.8-.28-5.71,.81-8.35,1.09-2.64,2.94-4.9,5.32-6.49,2.37-1.59,5.17-2.44,8.02-2.44,3.82,0,7.49,1.51,10.2,4.21,2.71,2.7,4.23,6.37,4.24,10.19Z"/>
  </g>
  <g>
    <path class="cls-5" d="M39.43,34.88c0,2.86-.83,5.65-2.41,8.03-1.58,2.38-3.83,4.24-6.47,5.33-2.64,1.1-5.54,1.39-8.34,.84-2.8-.55-5.38-1.92-7.4-3.94-2.02-2.02-3.4-4.59-3.96-7.39-.56-2.8-.28-5.71,.81-8.35,1.09-2.64,2.94-4.9,5.32-6.49,2.37-1.59,5.17-2.44,8.02-2.44,3.82,0,7.49,1.51,10.2,4.21,2.71,2.7,4.23,6.37,4.24,10.19Z"/>
    <path class="cls-3" d="M39.43,26.16c0,2.86-.83,5.65-2.41,8.03-1.58,2.38-3.83,4.24-6.47,5.33-2.64,1.1-5.54,1.39-8.34,.84-2.8-.55-5.38-1.92-7.4-3.94-2.02-2.02-3.4-4.59-3.96-7.39-.56-2.8-.28-5.71,.81-8.35,1.09-2.64,2.94-4.9,5.32-6.49,2.37-1.59,5.17-2.44,8.02-2.44,3.82,0,7.49,1.51,10.2,4.21,2.71,2.7,4.23,6.37,4.24,10.19Z"/>
    <path class="cls-6" d="M39.43,17.04c0,2.86-.83,5.65-2.41,8.03-1.58,2.38-3.83,4.24-6.47,5.33-2.64,1.1-5.54,1.39-8.34,.84-2.8-.55-5.38-1.92-7.4-3.94-2.02-2.02-3.4-4.59-3.96-7.39-.56-2.8-.28-5.71,.81-8.35,1.09-2.64,2.94-4.9,5.32-6.49,2.37-1.59,5.17-2.44,8.02-2.44,3.82,0,7.49,1.51,10.2,4.21,2.71,2.7,4.23,6.37,4.24,10.19Z"/>
  </g>
  <g>
    <path class="cls-3" d="M289.43,17.04c0,2.86-.83,5.65-2.41,8.03-1.58,2.38-3.83,4.24-6.47,5.33s-5.54,1.39-8.34,.84c-2.8-.55-5.38-1.93-7.4-3.94-2.02-2.02-3.4-4.59-3.96-7.39-.56-2.8-.28-5.71,.82-8.35,1.09-2.64,2.94-4.9,5.32-6.48,2.37-1.59,5.17-2.44,8.02-2.43,3.82,0,7.49,1.51,10.2,4.21,2.71,2.7,4.23,6.37,4.23,10.19Z"/>
    <path class="cls-6" d="M289.43,26.16c0,2.86-.83,5.65-2.41,8.03-1.58,2.38-3.83,4.24-6.47,5.33-2.64,1.1-5.54,1.39-8.34,.84-2.8-.55-5.38-1.92-7.4-3.94-2.02-2.02-3.4-4.59-3.96-7.39-.56-2.8-.28-5.71,.81-8.35,1.09-2.64,2.94-4.9,5.32-6.49,2.37-1.59,5.17-2.44,8.02-2.44,3.82,0,7.49,1.51,10.2,4.21,2.71,2.7,4.23,6.37,4.24,10.19Z"/>
    <path class="cls-5" d="M289.43,34.88c0,2.86-.83,5.65-2.41,8.03-1.58,2.38-3.83,4.24-6.47,5.33-2.64,1.1-5.54,1.39-8.34,.84-2.8-.55-5.38-1.93-7.4-3.94-2.02-2.02-3.4-4.59-3.96-7.39-.56-2.8-.28-5.71,.82-8.35,1.09-2.64,2.94-4.9,5.32-6.48,2.37-1.59,5.17-2.44,8.02-2.43,3.82,0,7.49,1.51,10.2,4.21,2.71,2.7,4.23,6.37,4.23,10.19Z"/>
  </g>
  <g>
    <path class="cls-5" d="M239.43,34.88c0,2.86-.83,5.65-2.41,8.03-1.58,2.38-3.83,4.24-6.47,5.33-2.64,1.1-5.54,1.39-8.34,.84-2.8-.55-5.38-1.92-7.4-3.94-2.02-2.02-3.4-4.59-3.96-7.39-.56-2.8-.28-5.71,.81-8.35,1.09-2.64,2.94-4.9,5.32-6.49,2.37-1.59,5.17-2.44,8.02-2.44,3.82,0,7.49,1.51,10.2,4.21,2.71,2.7,4.23,6.37,4.24,10.19Z"/>
    <path class="cls-3" d="M239.43,17.04c0,2.86-.83,5.65-2.41,8.03-1.58,2.38-3.83,4.24-6.47,5.33-2.64,1.1-5.54,1.39-8.34,.84-2.8-.55-5.38-1.92-7.4-3.94-2.02-2.02-3.4-4.59-3.96-7.39-.56-2.8-.28-5.71,.81-8.35,1.09-2.64,2.94-4.9,5.32-6.49,2.37-1.59,5.17-2.44,8.02-2.44,3.82,0,7.49,1.51,10.2,4.21,2.71,2.7,4.23,6.37,4.24,10.19Z"/>
    <path class="cls-6" d="M239.43,26.16c0,2.86-.83,5.65-2.41,8.03-1.58,2.38-3.83,4.24-6.47,5.33-2.64,1.1-5.54,1.39-8.34,.84-2.8-.55-5.38-1.92-7.4-3.94-2.02-2.02-3.4-4.59-3.96-7.39-.56-2.8-.28-5.71,.81-8.35,1.09-2.64,2.94-4.9,5.32-6.49,2.37-1.59,5.17-2.44,8.02-2.44,3.82,0,7.49,1.51,10.2,4.21,2.71,2.7,4.23,6.37,4.24,10.19Z"/>
  </g>
  <g>
    <path class="cls-5" d="M189.43,34.88c0,2.86-.83,5.65-2.41,8.03-1.58,2.38-3.83,4.24-6.47,5.33-2.64,1.1-5.54,1.39-8.34,.84-2.8-.55-5.38-1.92-7.4-3.94-2.02-2.02-3.4-4.59-3.96-7.39-.56-2.8-.28-5.71,.81-8.35,1.09-2.64,2.94-4.9,5.32-6.49,2.37-1.59,5.17-2.44,8.02-2.44,3.82,0,7.49,1.51,10.2,4.21,2.71,2.7,4.23,6.37,4.24,10.19Z"/>
    <path class="cls-6" d="M189.43,26.16c0,2.86-.83,5.65-2.41,8.03-1.58,2.38-3.83,4.24-6.47,5.33-2.64,1.1-5.54,1.39-8.34,.84-2.8-.55-5.38-1.92-7.4-3.94-2.02-2.02-3.4-4.59-3.96-7.39-.56-2.8-.28-5.71,.81-8.35,1.09-2.64,2.94-4.9,5.32-6.49,2.37-1.59,5.17-2.44,8.02-2.44,3.82,0,7.49,1.51,10.2,4.21,2.71,2.7,4.23,6.37,4.24,10.19Z"/>
    <path class="cls-3" d="M189.43,17.04c0,2.86-.83,5.65-2.41,8.03-1.58,2.38-3.83,4.24-6.47,5.33-2.64,1.1-5.54,1.39-8.34,.84-2.8-.55-5.38-1.92-7.4-3.94-2.02-2.02-3.4-4.59-3.96-7.39-.56-2.8-.28-5.71,.81-8.35,1.09-2.64,2.94-4.9,5.32-6.49,2.37-1.59,5.17-2.44,8.02-2.44,3.82,0,7.49,1.51,10.2,4.21,2.71,2.7,4.23,6.37,4.24,10.19Z"/>
  </g>
  <g>
    <path class="cls-5" d="M439.43,17.04c0,2.86-.83,5.65-2.41,8.03-1.58,2.38-3.83,4.24-6.47,5.33s-5.54,1.39-8.34,.84c-2.8-.55-5.38-1.93-7.4-3.94-2.02-2.02-3.4-4.59-3.96-7.39-.56-2.8-.28-5.71,.82-8.35,1.09-2.64,2.94-4.9,5.32-6.48,2.37-1.59,5.17-2.44,8.02-2.43,3.82,0,7.49,1.51,10.2,4.21,2.71,2.7,4.23,6.37,4.23,10.19Z"/>
    <path class="cls-3" d="M439.43,26.16c0,2.86-.83,5.65-2.41,8.03-1.58,2.38-3.83,4.24-6.47,5.33-2.64,1.1-5.54,1.39-8.34,.84-2.8-.55-5.38-1.92-7.4-3.94-2.02-2.02-3.4-4.59-3.96-7.39-.56-2.8-.28-5.71,.81-8.35,1.09-2.64,2.94-4.9,5.32-6.49,2.37-1.59,5.17-2.44,8.02-2.44,3.82,0,7.49,1.51,10.2,4.21,2.71,2.7,4.23,6.37,4.24,10.19Z"/>
    <path class="cls-6" d="M439.43,34.88c0,2.86-.83,5.65-2.41,8.03-1.58,2.38-3.83,4.24-6.47,5.33-2.64,1.1-5.54,1.39-8.34,.84-2.8-.55-5.38-1.93-7.4-3.94-2.02-2.02-3.4-4.59-3.96-7.39-.56-2.8-.28-5.71,.82-8.35,1.09-2.64,2.94-4.9,5.32-6.48,2.37-1.59,5.17-2.44,8.02-2.43,3.82,0,7.49,1.51,10.2,4.21,2.71,2.7,4.23,6.37,4.23,10.19Z"/>
  </g>
  <g>
    <path class="cls-6" d="M389.43,34.88c0,2.86-.83,5.65-2.41,8.03-1.58,2.38-3.83,4.24-6.47,5.33-2.64,1.1-5.54,1.39-8.34,.84-2.8-.55-5.38-1.92-7.4-3.94-2.02-2.02-3.4-4.59-3.96-7.39-.56-2.8-.28-5.71,.81-8.35,1.09-2.64,2.94-4.9,5.32-6.49,2.37-1.59,5.17-2.44,8.02-2.44,3.82,0,7.49,1.51,10.2,4.21,2.71,2.7,4.23,6.37,4.24,10.19Z"/>
    <path class="cls-5" d="M389.43,17.04c0,2.86-.83,5.65-2.41,8.03-1.58,2.38-3.83,4.24-6.47,5.33-2.64,1.1-5.54,1.39-8.34,.84-2.8-.55-5.38-1.92-7.4-3.94-2.02-2.02-3.4-4.59-3.96-7.39-.56-2.8-.28-5.71,.81-8.35,1.09-2.64,2.94-4.9,5.32-6.49,2.37-1.59,5.17-2.44,8.02-2.44,3.82,0,7.49,1.51,10.2,4.21,2.71,2.7,4.23,6.37,4.24,10.19Z"/>
    <path class="cls-3" d="M389.43,26.16c0,2.86-.83,5.65-2.41,8.03-1.58,2.38-3.83,4.24-6.47,5.33-2.64,1.1-5.54,1.39-8.34,.84-2.8-.55-5.38-1.92-7.4-3.94-2.02-2.02-3.4-4.59-3.96-7.39-.56-2.8-.28-5.71,.81-8.35,1.09-2.64,2.94-4.9,5.32-6.49,2.37-1.59,5.17-2.44,8.02-2.44,3.82,0,7.49,1.51,10.2,4.21,2.71,2.7,4.23,6.37,4.24,10.19Z"/>
  </g>
  <g>
    <path class="cls-6" d="M339.43,34.88c0,2.86-.83,5.65-2.41,8.03-1.58,2.38-3.83,4.24-6.47,5.33-2.64,1.1-5.54,1.39-8.34,.84-2.8-.55-5.38-1.92-7.4-3.94-2.02-2.02-3.4-4.59-3.96-7.39-.56-2.8-.28-5.71,.81-8.35,1.09-2.64,2.94-4.9,5.32-6.49,2.37-1.59,5.17-2.44,8.02-2.44,3.82,0,7.49,1.51,10.2,4.21,2.71,2.7,4.23,6.37,4.24,10.19Z"/>
    <path class="cls-3" d="M339.43,26.16c0,2.86-.83,5.65-2.41,8.03-1.58,2.38-3.83,4.24-6.47,5.33-2.64,1.1-5.54,1.39-8.34,.84-2.8-.55-5.38-1.92-7.4-3.94-2.02-2.02-3.4-4.59-3.96-7.39-.56-2.8-.28-5.71,.81-8.35,1.09-2.64,2.94-4.9,5.32-6.49,2.37-1.59,5.17-2.44,8.02-2.44,3.82,0,7.49,1.51,10.2,4.21,2.71,2.7,4.23,6.37,4.24,10.19Z"/>
    <path class="cls-5" d="M339.43,17.04c0,2.86-.83,5.65-2.41,8.03-1.58,2.38-3.83,4.24-6.47,5.33-2.64,1.1-5.54,1.39-8.34,.84-2.8-.55-5.38-1.92-7.4-3.94-2.02-2.02-3.4-4.59-3.96-7.39-.56-2.8-.28-5.71,.81-8.35,1.09-2.64,2.94-4.9,5.32-6.49,2.37-1.59,5.17-2.44,8.02-2.44,3.82,0,7.49,1.51,10.2,4.21,2.71,2.7,4.23,6.37,4.24,10.19Z"/>
  </g>
  <g>
    <path class="cls-3" d="M589.43,17.04c0,2.86-.83,5.65-2.41,8.03-1.58,2.38-3.83,4.24-6.47,5.33s-5.54,1.39-8.34,.84c-2.8-.55-5.38-1.93-7.4-3.94-2.02-2.02-3.4-4.59-3.96-7.39-.56-2.8-.28-5.71,.82-8.35,1.09-2.64,2.94-4.9,5.32-6.48,2.37-1.59,5.17-2.44,8.02-2.43,3.82,0,7.49,1.51,10.2,4.21,2.71,2.7,4.23,6.37,4.23,10.19Z"/>
    <path class="cls-5" d="M589.43,26.16c0,2.86-.83,5.65-2.41,8.03-1.58,2.38-3.83,4.24-6.47,5.33-2.64,1.1-5.54,1.39-8.34,.84-2.8-.55-5.38-1.92-7.4-3.94-2.02-2.02-3.4-4.59-3.96-7.39-.56-2.8-.28-5.71,.81-8.35,1.09-2.64,2.94-4.9,5.32-6.49,2.37-1.59,5.17-2.44,8.02-2.44,3.82,0,7.49,1.51,10.2,4.21,2.71,2.7,4.23,6.37,4.24,10.19Z"/>
    <path class="cls-6" d="M589.43,34.88c0,2.86-.83,5.65-2.41,8.03-1.58,2.38-3.83,4.24-6.47,5.33-2.64,1.1-5.54,1.39-8.34,.84-2.8-.55-5.38-1.93-7.4-3.94-2.02-2.02-3.4-4.59-3.96-7.39-.56-2.8-.28-5.71,.82-8.35,1.09-2.64,2.94-4.9,5.32-6.48,2.37-1.59,5.17-2.44,8.02-2.43,3.82,0,7.49,1.51,10.2,4.21,2.71,2.7,4.23,6.37,4.23,10.19Z"/>
  </g>
  <g>
    <path class="cls-6" d="M539.43,34.88c0,2.86-.83,5.65-2.41,8.03-1.58,2.38-3.83,4.24-6.47,5.33-2.64,1.1-5.54,1.39-8.34,.84-2.8-.55-5.38-1.92-7.4-3.94-2.02-2.02-3.4-4.59-3.96-7.39-.56-2.8-.28-5.71,.81-8.35,1.09-2.64,2.94-4.9,5.32-6.49,2.37-1.59,5.17-2.44,8.02-2.44,3.82,0,7.49,1.51,10.2,4.21,2.71,2.7,4.23,6.37,4.24,10.19Z"/>
    <path class="cls-3" d="M539.43,17.04c0,2.86-.83,5.65-2.41,8.03-1.58,2.38-3.83,4.24-6.47,5.33-2.64,1.1-5.54,1.39-8.34,.84-2.8-.55-5.38-1.92-7.4-3.94-2.02-2.02-3.4-4.59-3.96-7.39-.56-2.8-.28-5.71,.81-8.35,1.09-2.64,2.94-4.9,5.32-6.49,2.37-1.59,5.17-2.44,8.02-2.44,3.82,0,7.49,1.51,10.2,4.21,2.71,2.7,4.23,6.37,4.24,10.19Z"/>
    <path class="cls-5" d="M539.43,26.16c0,2.86-.83,5.65-2.41,8.03-1.58,2.38-3.83,4.24-6.47,5.33-2.64,1.1-5.54,1.39-8.34,.84-2.8-.55-5.38-1.92-7.4-3.94-2.02-2.02-3.4-4.59-3.96-7.39-.56-2.8-.28-5.71,.81-8.35,1.09-2.64,2.94-4.9,5.32-6.49,2.37-1.59,5.17-2.44,8.02-2.44,3.82,0,7.49,1.51,10.2,4.21,2.71,2.7,4.23,6.37,4.24,10.19Z"/>
  </g>
  <g>
    <path class="cls-6" d="M489.43,34.88c0,2.86-.83,5.65-2.41,8.03-1.58,2.38-3.83,4.24-6.47,5.33-2.64,1.1-5.54,1.39-8.34,.84-2.8-.55-5.38-1.92-7.4-3.94-2.02-2.02-3.4-4.59-3.96-7.39-.56-2.8-.28-5.71,.81-8.35,1.09-2.64,2.94-4.9,5.32-6.49,2.37-1.59,5.17-2.44,8.02-2.44,3.82,0,7.49,1.51,10.2,4.21,2.71,2.7,4.23,6.37,4.24,10.19Z"/>
    <path class="cls-5" d="M489.43,26.16c0,2.86-.83,5.65-2.41,8.03-1.58,2.38-3.83,4.24-6.47,5.33-2.64,1.1-5.54,1.39-8.34,.84-2.8-.55-5.38-1.92-7.4-3.94-2.02-2.02-3.4-4.59-3.96-7.39-.56-2.8-.28-5.71,.81-8.35,1.09-2.64,2.94-4.9,5.32-6.49,2.37-1.59,5.17-2.44,8.02-2.44,3.82,0,7.49,1.51,10.2,4.21,2.71,2.7,4.23,6.37,4.24,10.19Z"/>
    <path class="cls-3" d="M489.43,17.04c0,2.86-.83,5.65-2.41,8.03-1.58,2.38-3.83,4.24-6.47,5.33-2.64,1.1-5.54,1.39-8.34,.84-2.8-.55-5.38-1.92-7.4-3.94-2.02-2.02-3.4-4.59-3.96-7.39-.56-2.8-.28-5.71,.81-8.35,1.09-2.64,2.94-4.9,5.32-6.49,2.37-1.59,5.17-2.44,8.02-2.44,3.82,0,7.49,1.51,10.2,4.21,2.71,2.7,4.23,6.37,4.24,10.19Z"/>
  </g>
  <g>
    <path class="cls-5" d="M739.43,17.04c0,2.86-.83,5.65-2.41,8.03-1.58,2.38-3.83,4.24-6.47,5.33s-5.54,1.39-8.34,.84c-2.8-.55-5.38-1.93-7.4-3.94-2.02-2.02-3.4-4.59-3.96-7.39-.56-2.8-.28-5.71,.82-8.35,1.09-2.64,2.94-4.9,5.32-6.48,2.37-1.59,5.17-2.44,8.02-2.43,3.82,0,7.49,1.51,10.2,4.21,2.71,2.7,4.23,6.37,4.23,10.19Z"/>
    <path class="cls-6" d="M739.43,26.16c0,2.86-.83,5.65-2.41,8.03-1.58,2.38-3.83,4.24-6.47,5.33-2.64,1.1-5.54,1.39-8.34,.84-2.8-.55-5.38-1.92-7.4-3.94-2.02-2.02-3.4-4.59-3.96-7.39-.56-2.8-.28-5.71,.81-8.35,1.09-2.64,2.94-4.9,5.32-6.49,2.37-1.59,5.17-2.44,8.02-2.44,3.82,0,7.49,1.51,10.2,4.21,2.71,2.7,4.23,6.37,4.24,10.19Z"/>
    <path class="cls-3" d="M739.43,34.88c0,2.86-.83,5.65-2.41,8.03-1.58,2.38-3.83,4.24-6.47,5.33-2.64,1.1-5.54,1.39-8.34,.84-2.8-.55-5.38-1.93-7.4-3.94-2.02-2.02-3.4-4.59-3.96-7.39-.56-2.8-.28-5.71,.82-8.35,1.09-2.64,2.94-4.9,5.32-6.48,2.37-1.59,5.17-2.44,8.02-2.43,3.82,0,7.49,1.51,10.2,4.21,2.71,2.7,4.23,6.37,4.23,10.19Z"/>
  </g>
  <g>
    <path class="cls-3" d="M689.43,34.88c0,2.86-.83,5.65-2.41,8.03-1.58,2.38-3.83,4.24-6.47,5.33-2.64,1.1-5.54,1.39-8.34,.84-2.8-.55-5.38-1.92-7.4-3.94-2.02-2.02-3.4-4.59-3.96-7.39-.56-2.8-.28-5.71,.81-8.35,1.09-2.64,2.94-4.9,5.32-6.49,2.37-1.59,5.17-2.44,8.02-2.44,3.82,0,7.49,1.51,10.2,4.21,2.71,2.7,4.23,6.37,4.24,10.19Z"/>
    <path class="cls-5" d="M689.43,17.04c0,2.86-.83,5.65-2.41,8.03-1.58,2.38-3.83,4.24-6.47,5.33-2.64,1.1-5.54,1.39-8.34,.84-2.8-.55-5.38-1.92-7.4-3.94-2.02-2.02-3.4-4.59-3.96-7.39-.56-2.8-.28-5.71,.81-8.35,1.09-2.64,2.94-4.9,5.32-6.49,2.37-1.59,5.17-2.44,8.02-2.44,3.82,0,7.49,1.51,10.2,4.21,2.71,2.7,4.23,6.37,4.24,10.19Z"/>
    <path class="cls-6" d="M689.43,26.16c0,2.86-.83,5.65-2.41,8.03-1.58,2.38-3.83,4.24-6.47,5.33-2.64,1.1-5.54,1.39-8.34,.84-2.8-.55-5.38-1.92-7.4-3.94-2.02-2.02-3.4-4.59-3.96-7.39-.56-2.8-.28-5.71,.81-8.35,1.09-2.64,2.94-4.9,5.32-6.49,2.37-1.59,5.17-2.44,8.02-2.44,3.82,0,7.49,1.51,10.2,4.21,2.71,2.7,4.23,6.37,4.24,10.19Z"/>
  </g>
  <g>
    <path class="cls-3" d="M639.43,34.88c0,2.86-.83,5.65-2.41,8.03-1.58,2.38-3.83,4.24-6.47,5.33-2.64,1.1-5.54,1.39-8.34,.84-2.8-.55-5.38-1.92-7.4-3.94-2.02-2.02-3.4-4.59-3.96-7.39-.56-2.8-.28-5.71,.81-8.35,1.09-2.64,2.94-4.9,5.32-6.49,2.37-1.59,5.17-2.44,8.02-2.44,3.82,0,7.49,1.51,10.2,4.21,2.71,2.7,4.23,6.37,4.24,10.19Z"/>
    <path class="cls-6" d="M639.43,26.16c0,2.86-.83,5.65-2.41,8.03-1.58,2.38-3.83,4.24-6.47,5.33-2.64,1.1-5.54,1.39-8.34,.84-2.8-.55-5.38-1.92-7.4-3.94-2.02-2.02-3.4-4.59-3.96-7.39-.56-2.8-.28-5.71,.81-8.35,1.09-2.64,2.94-4.9,5.32-6.49,2.37-1.59,5.17-2.44,8.02-2.44,3.82,0,7.49,1.51,10.2,4.21,2.71,2.7,4.23,6.37,4.24,10.19Z"/>
    <path class="cls-5" d="M639.43,17.04c0,2.86-.83,5.65-2.41,8.03-1.58,2.38-3.83,4.24-6.47,5.33-2.64,1.1-5.54,1.39-8.34,.84-2.8-.55-5.38-1.92-7.4-3.94-2.02-2.02-3.4-4.59-3.96-7.39-.56-2.8-.28-5.71,.81-8.35,1.09-2.64,2.94-4.9,5.32-6.49,2.37-1.59,5.17-2.44,8.02-2.44,3.82,0,7.49,1.51,10.2,4.21,2.71,2.7,4.23,6.37,4.24,10.19Z"/>
  </g>
  <g>
    <path class="cls-6" d="M889.43,17.04c0,2.86-.83,5.65-2.41,8.03-1.58,2.38-3.83,4.24-6.47,5.33s-5.54,1.39-8.34,.84c-2.8-.55-5.38-1.93-7.4-3.94-2.02-2.02-3.4-4.59-3.96-7.39-.56-2.8-.28-5.71,.82-8.35,1.09-2.64,2.94-4.9,5.32-6.48,2.37-1.59,5.17-2.44,8.02-2.43,3.82,0,7.49,1.51,10.2,4.21,2.71,2.7,4.23,6.37,4.23,10.19Z"/>
    <path class="cls-5" d="M889.43,26.16c0,2.86-.83,5.65-2.41,8.03-1.58,2.38-3.83,4.24-6.47,5.33-2.64,1.1-5.54,1.39-8.34,.84-2.8-.55-5.38-1.92-7.4-3.94-2.02-2.02-3.4-4.59-3.96-7.39-.56-2.8-.28-5.71,.81-8.35,1.09-2.64,2.94-4.9,5.32-6.49,2.37-1.59,5.17-2.44,8.02-2.44,3.82,0,7.49,1.51,10.2,4.21,2.71,2.7,4.23,6.37,4.24,10.19Z"/>
    <path class="cls-3" d="M889.43,34.88c0,2.86-.83,5.65-2.41,8.03-1.58,2.38-3.83,4.24-6.47,5.33-2.64,1.1-5.54,1.39-8.34,.84-2.8-.55-5.38-1.93-7.4-3.94-2.02-2.02-3.4-4.59-3.96-7.39-.56-2.8-.28-5.71,.82-8.35,1.09-2.64,2.94-4.9,5.32-6.48,2.37-1.59,5.17-2.44,8.02-2.43,3.82,0,7.49,1.51,10.2,4.21,2.71,2.7,4.23,6.37,4.23,10.19Z"/>
  </g>
  <g>
    <path class="cls-3" d="M839.43,34.88c0,2.86-.83,5.65-2.41,8.03-1.58,2.38-3.83,4.24-6.47,5.33-2.64,1.1-5.54,1.39-8.34,.84-2.8-.55-5.38-1.92-7.4-3.94-2.02-2.02-3.4-4.59-3.96-7.39-.56-2.8-.28-5.71,.81-8.35,1.09-2.64,2.94-4.9,5.32-6.49,2.37-1.59,5.17-2.44,8.02-2.44,3.82,0,7.49,1.51,10.2,4.21,2.71,2.7,4.23,6.37,4.24,10.19Z"/>
    <path class="cls-6" d="M839.43,17.04c0,2.86-.83,5.65-2.41,8.03-1.58,2.38-3.83,4.24-6.47,5.33-2.64,1.1-5.54,1.39-8.34,.84-2.8-.55-5.38-1.92-7.4-3.94-2.02-2.02-3.4-4.59-3.96-7.39-.56-2.8-.28-5.71,.81-8.35,1.09-2.64,2.94-4.9,5.32-6.49,2.37-1.59,5.17-2.44,8.02-2.44,3.82,0,7.49,1.51,10.2,4.21,2.71,2.7,4.23,6.37,4.24,10.19Z"/>
    <path class="cls-5" d="M839.43,26.16c0,2.86-.83,5.65-2.41,8.03-1.58,2.38-3.83,4.24-6.47,5.33-2.64,1.1-5.54,1.39-8.34,.84-2.8-.55-5.38-1.92-7.4-3.94-2.02-2.02-3.4-4.59-3.96-7.39-.56-2.8-.28-5.71,.81-8.35,1.09-2.64,2.94-4.9,5.32-6.49,2.37-1.59,5.17-2.44,8.02-2.44,3.82,0,7.49,1.51,10.2,4.21,2.71,2.7,4.23,6.37,4.24,10.19Z"/>
  </g>
  <g>
    <path class="cls-3" d="M789.43,34.88c0,2.86-.83,5.65-2.41,8.03-1.58,2.38-3.83,4.24-6.47,5.33-2.64,1.1-5.54,1.39-8.34,.84-2.8-.55-5.38-1.92-7.4-3.94-2.02-2.02-3.4-4.59-3.96-7.39-.56-2.8-.28-5.71,.81-8.35,1.09-2.64,2.94-4.9,5.32-6.49,2.37-1.59,5.17-2.44,8.02-2.44,3.82,0,7.49,1.51,10.2,4.21,2.71,2.7,4.23,6.37,4.24,10.19Z"/>
    <path class="cls-5" d="M789.43,26.16c0,2.86-.83,5.65-2.41,8.03-1.58,2.38-3.83,4.24-6.47,5.33-2.64,1.1-5.54,1.39-8.34,.84-2.8-.55-5.38-1.92-7.4-3.94-2.02-2.02-3.4-4.59-3.96-7.39-.56-2.8-.28-5.71,.81-8.35,1.09-2.64,2.94-4.9,5.32-6.49,2.37-1.59,5.17-2.44,8.02-2.44,3.82,0,7.49,1.51,10.2,4.21,2.71,2.7,4.23,6.37,4.24,10.19Z"/>
    <path class="cls-6" d="M789.43,17.04c0,2.86-.83,5.65-2.41,8.03-1.58,2.38-3.83,4.24-6.47,5.33-2.64,1.1-5.54,1.39-8.34,.84-2.8-.55-5.38-1.92-7.4-3.94-2.02-2.02-3.4-4.59-3.96-7.39-.56-2.8-.28-5.71,.81-8.35,1.09-2.64,2.94-4.9,5.32-6.49,2.37-1.59,5.17-2.44,8.02-2.44,3.82,0,7.49,1.51,10.2,4.21,2.71,2.7,4.23,6.37,4.24,10.19Z"/>
  </g>
  <g>
    <path class="cls-5" d="M48.41,67.36H20.51v27.94h27.9v-27.94Z"/>
    <path class="cls-1" d="M38.79,60.37H10.89v27.94h27.9v-27.94Z"/>
    <path class="cls-6" d="M29.16,53.39H1.26v27.94H29.16v-27.94Z"/>
  </g>
  <g>
    <path class="cls-6" d="M79.17,53.39h-27.9v27.94h27.9v-27.94Z"/>
    <path class="cls-5" d="M98.42,67.36h-27.9v27.94h27.9v-27.94Z"/>
    <path class="cls-1" d="M88.8,60.37h-27.9v27.94h27.9v-27.94Z"/>
  </g>
  <g>
    <path class="cls-6" d="M129.18,53.39h-27.9v27.94h27.9v-27.94Z"/>
    <path class="cls-1" d="M138.81,60.37h-27.9v27.94h27.9v-27.94Z"/>
    <path class="cls-5" d="M148.43,67.36h-27.9v27.94h27.9v-27.94Z"/>
  </g>
  <g>
    <path class="cls-4" d="M348.47,67.36h-27.9v27.94h27.9v-27.94Z"/>
    <path class="cls-1" d="M338.84,60.37h-27.9v27.94h27.9v-27.94Z"/>
    <path class="cls-2" d="M329.22,53.39h-27.9v27.94h27.9v-27.94Z"/>
  </g>
  <g>
    <path class="cls-2" d="M379.23,53.39h-27.9v27.94h27.9v-27.94Z"/>
    <path class="cls-4" d="M398.48,67.36h-27.9v27.94h27.9v-27.94Z"/>
    <path class="cls-1" d="M388.85,60.37h-27.9v27.94h27.9v-27.94Z"/>
  </g>
  <g>
    <path class="cls-2" d="M429.24,53.39h-27.9v27.94h27.9v-27.94Z"/>
    <path class="cls-1" d="M438.86,60.37h-27.9v27.94h27.9v-27.94Z"/>
    <path class="cls-4" d="M448.49,67.36h-27.9v27.94h27.9v-27.94Z"/>
  </g>
  <g>
    <path class="cls-6" d="M75,131.74l-15.42-15.38,15.42-15.38,15.42,15.38-15.42,15.38Z"/>
    <path class="cls-5" d="M75,148.97l-15.42-15.38,15.42-15.38,15.42,15.38-15.42,15.38Z"/>
    <path class="cls-3" d="M75,140.24l-15.42-15.38,15.42-15.38,15.42,15.38-15.42,15.38Z"/>
  </g>
  <g>
    <path class="cls-5" d="M25,148.97l-15.42-15.38,15.42-15.38,15.42,15.38-15.42,15.38Z"/>
    <path class="cls-3" d="M25,140.24l-15.42-15.38,15.42-15.38,15.42,15.38-15.42,15.38Z"/>
    <path class="cls-6" d="M25,131.74l-15.42-15.38,15.42-15.38,15.42,15.38-15.42,15.38Z"/>
  </g>
  <g>
    <path class="cls-4" d="M816.9,180.47h16.21l8.1-13.94-8.1-13.94h-16.21l-8.11,13.94,8.11,13.94Z"/>
    <path class="cls-1" d="M816.9,198.59h16.21l8.1-13.94-8.1-13.94h-16.21l-8.11,13.94,8.11,13.94Z"/>
    <path class="cls-2" d="M816.9,189.53h16.21l8.1-13.94-8.1-13.94h-16.21l-8.11,13.94,8.11,13.94Z"/>
  </g>
  <g>
    <path class="cls-4" d="M819.77,212.4l5.17-10.57,5.26,10.52,11.68,1.64-8.41,8.25,2.04,11.58-10.46-5.43-10.41,5.52,1.94-11.6-8.48-8.17,11.66-1.74Z"/>
    <path class="cls-1" d="M819.77,226.32l5.17-10.57,5.26,10.53,11.68,1.64-8.41,8.24,2.04,11.58-10.46-5.43-10.41,5.52,1.94-11.6-8.48-8.17,11.66-1.74Z"/>
    <path class="cls-2" d="M819.77,219.36l5.17-10.57,5.26,10.52,11.68,1.64-8.41,8.25,2.04,11.58-10.46-5.43-10.41,5.52,1.94-11.6-8.48-8.17,11.66-1.74Z"/>
  </g>
  <g>
    <path class="cls-1" d="M869.77,226.32l5.17-10.57,5.26,10.53,11.68,1.64-8.41,8.24,2.04,11.58-10.46-5.43-10.41,5.52,1.94-11.6-8.48-8.17,11.66-1.74Z"/>
    <path class="cls-2" d="M869.77,219.36l5.17-10.57,5.26,10.52,11.68,1.64-8.41,8.25,2.04,11.58-10.46-5.43-10.41,5.52,1.94-11.6-8.48-8.17,11.66-1.74Z"/>
    <path class="cls-4" d="M869.77,212.4l5.17-10.57,5.26,10.52,11.68,1.64-8.41,8.25,2.04,11.58-10.46-5.43-10.41,5.52,1.94-11.6-8.48-8.17,11.66-1.74Z"/>
  </g>
  <g>
    <path class="cls-1" d="M169.77,212.4l5.17-10.57,5.26,10.52,11.68,1.64-8.41,8.25,2.04,11.58-10.46-5.43-10.41,5.52,1.94-11.6-8.48-8.17,11.66-1.74Z"/>
    <path class="cls-6" d="M169.77,219.36l5.17-10.57,5.26,10.52,11.68,1.64-8.41,8.25,2.04,11.58-10.46-5.43-10.41,5.52,1.94-11.6-8.48-8.17,11.66-1.74Z"/>
    <path class="cls-5" d="M169.77,226.32l5.17-10.57,5.26,10.53,11.68,1.64-8.41,8.24,2.04,11.58-10.46-5.43-10.41,5.52,1.94-11.6-8.48-8.17,11.66-1.74Z"/>
  </g>
  <g>
    <path class="cls-5" d="M183.1,170.72h-16.21l-8.1,13.94,8.1,13.94h16.21l8.11-13.94-8.11-13.94Z"/>
    <path class="cls-6" d="M183.1,161.65h-16.21l-8.1,13.94,8.1,13.94h16.21l8.11-13.94-8.11-13.94Z"/>
    <path class="cls-1" d="M183.1,152.59h-16.21l-8.1,13.94,8.1,13.94h16.21l8.11-13.94-8.11-13.94Z"/>
  </g>
  <g>
    <path class="cls-1" d="M266.9,180.47h16.21l8.1-13.94-8.1-13.94h-16.21l-8.11,13.94,8.11,13.94Z"/>
    <path class="cls-6" d="M266.9,189.53h16.21l8.1-13.94-8.1-13.94h-16.21l-8.11,13.94,8.11,13.94Z"/>
    <path class="cls-5" d="M266.9,198.59h16.21l8.1-13.94-8.1-13.94h-16.21l-8.11,13.94,8.11,13.94Z"/>
  </g>
  <g>
    <path class="cls-1" d="M275,131.74l-15.42-15.38,15.42-15.38,15.42,15.38-15.42,15.38Z"/>
    <path class="cls-6" d="M275,140.24l-15.42-15.38,15.42-15.38,15.42,15.38-15.42,15.38Z"/>
    <path class="cls-5" d="M275,148.97l-15.42-15.38,15.42-15.38,15.42,15.38-15.42,15.38Z"/>
  </g>
  <g>
    <path class="cls-5" d="M198.44,67.36h-27.9v27.94h27.9v-27.94Z"/>
    <path class="cls-6" d="M188.82,60.37h-27.9v27.94h27.9v-27.94Z"/>
    <path class="cls-1" d="M179.19,53.39h-27.9v27.94h27.9v-27.94Z"/>
  </g>
  <g>
    <path class="cls-1" d="M229.2,53.39h-27.9v27.94h27.9v-27.94Z"/>
    <path class="cls-5" d="M248.45,67.36h-27.9v27.94h27.9v-27.94Z"/>
    <path class="cls-6" d="M238.83,60.37h-27.9v27.94h27.9v-27.94Z"/>
  </g>
  <g>
    <path class="cls-1" d="M279.21,53.39h-27.9v27.94h27.9v-27.94Z"/>
    <path class="cls-6" d="M288.83,60.37h-27.9v27.94h27.9v-27.94Z"/>
    <path class="cls-5" d="M298.46,67.36h-27.9v27.94h27.9v-27.94Z"/>
  </g>
  <g>
    <path class="cls-1" d="M225,131.74l-15.42-15.38,15.42-15.38,15.42,15.38-15.42,15.38Z"/>
    <path class="cls-5" d="M225,148.97l-15.42-15.38,15.42-15.38,15.42,15.38-15.42,15.38Z"/>
    <path class="cls-6" d="M225,140.24l-15.42-15.38,15.42-15.38,15.42,15.38-15.42,15.38Z"/>
  </g>
  <g>
    <path class="cls-5" d="M175,148.97l-15.42-15.38,15.42-15.38,15.42,15.38-15.42,15.38Z"/>
    <path class="cls-6" d="M175,140.24l-15.42-15.38,15.42-15.38,15.42,15.38-15.42,15.38Z"/>
    <path class="cls-1" d="M175,131.74l-15.42-15.38,15.42-15.38,15.42,15.38-15.42,15.38Z"/>
  </g>
  <g>
    <path class="cls-1" d="M216.9,180.47h16.21l8.1-13.94-8.1-13.94h-16.21l-8.11,13.94,8.11,13.94Z"/>
    <path class="cls-5" d="M216.9,198.59h16.21l8.1-13.94-8.1-13.94h-16.21l-8.11,13.94,8.11,13.94Z"/>
    <path class="cls-6" d="M216.9,189.53h16.21l8.1-13.94-8.1-13.94h-16.21l-8.11,13.94,8.11,13.94Z"/>
  </g>
  <g>
    <path class="cls-1" d="M219.77,212.4l5.17-10.57,5.26,10.52,11.68,1.64-8.41,8.25,2.04,11.58-10.46-5.43-10.41,5.52,1.94-11.6-8.48-8.17,11.66-1.74Z"/>
    <path class="cls-5" d="M219.77,226.32l5.17-10.57,5.26,10.53,11.68,1.64-8.41,8.24,2.04,11.58-10.46-5.43-10.41,5.52,1.94-11.6-8.48-8.17,11.66-1.74Z"/>
    <path class="cls-6" d="M219.77,219.36l5.17-10.57,5.26,10.52,11.68,1.64-8.41,8.25,2.04,11.58-10.46-5.43-10.41,5.52,1.94-11.6-8.48-8.17,11.66-1.74Z"/>
  </g>
  <g>
    <path class="cls-5" d="M269.77,226.32l5.17-10.57,5.26,10.53,11.68,1.64-8.41,8.24,2.04,11.58-10.46-5.43-10.41,5.52,1.94-11.6-8.48-8.17,11.66-1.74Z"/>
    <path class="cls-6" d="M269.77,219.36l5.17-10.57,5.26,10.52,11.68,1.64-8.41,8.25,2.04,11.58-10.46-5.43-10.41,5.52,1.94-11.6-8.48-8.17,11.66-1.74Z"/>
    <path class="cls-1" d="M269.77,212.4l5.17-10.57,5.26,10.52,11.68,1.64-8.41,8.25,2.04,11.58-10.46-5.43-10.41,5.52,1.94-11.6-8.48-8.17,11.66-1.74Z"/>
  </g>
  <g>
    <path class="cls-2" d="M319.77,212.4l5.17-10.57,5.26,10.52,11.68,1.64-8.41,8.25,2.04,11.58-10.46-5.43-10.41,5.52,1.94-11.6-8.48-8.17,11.66-1.74Z"/>
    <path class="cls-1" d="M319.77,219.36l5.17-10.57,5.26,10.52,11.68,1.64-8.41,8.25,2.04,11.58-10.46-5.43-10.41,5.52,1.94-11.6-8.48-8.17,11.66-1.74Z"/>
    <path class="cls-4" d="M319.77,226.32l5.17-10.57,5.26,10.53,11.68,1.64-8.41,8.24,2.04,11.58-10.46-5.43-10.41,5.52,1.94-11.6-8.48-8.17,11.66-1.74Z"/>
  </g>
  <g>
    <path class="cls-4" d="M333.1,170.72h-16.21l-8.1,13.94,8.1,13.94h16.21l8.11-13.94-8.11-13.94Z"/>
    <path class="cls-1" d="M333.1,161.65h-16.21l-8.1,13.94,8.1,13.94h16.21l8.11-13.94-8.11-13.94Z"/>
    <path class="cls-2" d="M333.1,152.59h-16.21l-8.1,13.94,8.1,13.94h16.21l8.11-13.94-8.11-13.94Z"/>
  </g>
  <g>
    <path class="cls-2" d="M416.9,180.47h16.21l8.1-13.94-8.1-13.94h-16.21l-8.11,13.94,8.11,13.94Z"/>
    <path class="cls-1" d="M416.9,189.53h16.21l8.1-13.94-8.1-13.94h-16.21l-8.11,13.94,8.11,13.94Z"/>
    <path class="cls-4" d="M416.9,198.59h16.21l8.1-13.94-8.1-13.94h-16.21l-8.11,13.94,8.11,13.94Z"/>
  </g>
  <g>
    <path class="cls-2" d="M425,131.74l-15.42-15.38,15.42-15.38,15.42,15.38-15.42,15.38Z"/>
    <path class="cls-1" d="M425,140.24l-15.42-15.38,15.42-15.38,15.42,15.38-15.42,15.38Z"/>
    <path class="cls-4" d="M425,148.97l-15.42-15.38,15.42-15.38,15.42,15.38-15.42,15.38Z"/>
  </g>
  <g>
    <path class="cls-2" d="M375,131.74l-15.42-15.38,15.42-15.38,15.42,15.38-15.42,15.38Z"/>
    <path class="cls-4" d="M375,148.97l-15.42-15.38,15.42-15.38,15.42,15.38-15.42,15.38Z"/>
    <path class="cls-1" d="M375,140.24l-15.42-15.38,15.42-15.38,15.42,15.38-15.42,15.38Z"/>
  </g>
  <g>
    <path class="cls-4" d="M325,148.97l-15.42-15.38,15.42-15.38,15.42,15.38-15.42,15.38Z"/>
    <path class="cls-1" d="M325,140.24l-15.42-15.38,15.42-15.38,15.42,15.38-15.42,15.38Z"/>
    <path class="cls-2" d="M325,131.74l-15.42-15.38,15.42-15.38,15.42,15.38-15.42,15.38Z"/>
  </g>
  <g>
    <path class="cls-1" d="M798.56,67.36h-27.9v27.94h27.9v-27.94Z"/>
    <path class="cls-2" d="M788.93,60.37h-27.9v27.94h27.9v-27.94Z"/>
    <path class="cls-4" d="M779.3,53.39h-27.9v27.94h27.9v-27.94Z"/>
  </g>
  <g>
    <path class="cls-4" d="M829.31,53.39h-27.9v27.94h27.9v-27.94Z"/>
    <path class="cls-1" d="M848.57,67.36h-27.9v27.94h27.9v-27.94Z"/>
    <path class="cls-2" d="M838.94,60.37h-27.9v27.94h27.9v-27.94Z"/>
  </g>
  <g>
    <path class="cls-4" d="M879.32,53.39h-27.9v27.94h27.9v-27.94Z"/>
    <path class="cls-2" d="M888.95,60.37h-27.9v27.94h27.9v-27.94Z"/>
    <path class="cls-1" d="M898.58,67.36h-27.9v27.94h27.9v-27.94Z"/>
  </g>
  <g>
    <path class="cls-4" d="M875,131.74l-15.42-15.38,15.42-15.38,15.42,15.38-15.42,15.38Z"/>
    <path class="cls-2" d="M875,140.24l-15.42-15.38,15.42-15.38,15.42,15.38-15.42,15.38Z"/>
    <path class="cls-1" d="M875,148.97l-15.42-15.38,15.42-15.38,15.42,15.38-15.42,15.38Z"/>
  </g>
  <g>
    <path class="cls-4" d="M825,131.74l-15.42-15.38,15.42-15.38,15.42,15.38-15.42,15.38Z"/>
    <path class="cls-1" d="M825,148.97l-15.42-15.38,15.42-15.38,15.42,15.38-15.42,15.38Z"/>
    <path class="cls-2" d="M825,140.24l-15.42-15.38,15.42-15.38,15.42,15.38-15.42,15.38Z"/>
  </g>
  <g>
    <path class="cls-1" d="M775,148.97l-15.42-15.38,15.42-15.38,15.42,15.38-15.42,15.38Z"/>
    <path class="cls-2" d="M775,140.24l-15.42-15.38,15.42-15.38,15.42,15.38-15.42,15.38Z"/>
    <path class="cls-4" d="M775,131.74l-15.42-15.38,15.42-15.38,15.42,15.38-15.42,15.38Z"/>
  </g>
  <g>
    <path class="cls-2" d="M619.77,212.4l5.17-10.57,5.26,10.52,11.68,1.64-8.41,8.25,2.04,11.58-10.46-5.43-10.41,5.52,1.94-11.6-8.48-8.17,11.66-1.74Z"/>
    <path class="cls-6" d="M619.77,219.36l5.17-10.57,5.26,10.52,11.68,1.64-8.41,8.25,2.04,11.58-10.46-5.43-10.41,5.52,1.94-11.6-8.48-8.17,11.66-1.74Z"/>
    <path class="cls-1" d="M619.77,226.32l5.17-10.57,5.26,10.53,11.68,1.64-8.41,8.24,2.04,11.58-10.46-5.43-10.41,5.52,1.94-11.6-8.48-8.17,11.66-1.74Z"/>
  </g>
  <g>
    <path class="cls-1" d="M633.1,170.72h-16.21l-8.1,13.94,8.1,13.94h16.21l8.11-13.94-8.11-13.94Z"/>
    <path class="cls-6" d="M633.1,161.65h-16.21l-8.1,13.94,8.1,13.94h16.21l8.11-13.94-8.11-13.94Z"/>
    <path class="cls-2" d="M633.1,152.59h-16.21l-8.1,13.94,8.1,13.94h16.21l8.11-13.94-8.11-13.94Z"/>
  </g>
  <g>
    <path class="cls-2" d="M716.9,180.47h16.21l8.1-13.94-8.1-13.94h-16.21l-8.11,13.94,8.11,13.94Z"/>
    <path class="cls-6" d="M716.9,189.53h16.21l8.1-13.94-8.1-13.94h-16.21l-8.11,13.94,8.11,13.94Z"/>
    <path class="cls-1" d="M716.9,198.59h16.21l8.1-13.94-8.1-13.94h-16.21l-8.11,13.94,8.11,13.94Z"/>
  </g>
  <g>
    <path class="cls-2" d="M666.9,180.47h16.21l8.1-13.94-8.1-13.94h-16.21l-8.11,13.94,8.11,13.94Z"/>
    <path class="cls-1" d="M666.9,198.59h16.21l8.1-13.94-8.1-13.94h-16.21l-8.11,13.94,8.11,13.94Z"/>
    <path class="cls-6" d="M666.9,189.53h16.21l8.1-13.94-8.1-13.94h-16.21l-8.11,13.94,8.11,13.94Z"/>
  </g>
  <g>
    <path class="cls-2" d="M669.77,212.4l5.17-10.57,5.26,10.52,11.68,1.64-8.41,8.25,2.04,11.58-10.46-5.43-10.41,5.52,1.94-11.6-8.48-8.17,11.66-1.74Z"/>
    <path class="cls-1" d="M669.77,226.32l5.17-10.57,5.26,10.53,11.68,1.64-8.41,8.24,2.04,11.58-10.46-5.43-10.41,5.52,1.94-11.6-8.48-8.17,11.66-1.74Z"/>
    <path class="cls-6" d="M669.77,219.36l5.17-10.57,5.26,10.52,11.68,1.64-8.41,8.25,2.04,11.58-10.46-5.43-10.41,5.52,1.94-11.6-8.48-8.17,11.66-1.74Z"/>
  </g>
  <g>
    <path class="cls-1" d="M719.77,226.32l5.17-10.57,5.26,10.53,11.68,1.64-8.41,8.24,2.04,11.58-10.46-5.43-10.41,5.52,1.94-11.6-8.48-8.17,11.66-1.74Z"/>
    <path class="cls-2" d="M719.77,219.36l5.17-10.57,5.26,10.52,11.68,1.64-8.41,8.25,2.04,11.58-10.46-5.43-10.41,5.52,1.94-11.6-8.48-8.17,11.66-1.74Z"/>
    <path class="cls-6" d="M719.77,212.4l5.17-10.57,5.26,10.52,11.68,1.64-8.41,8.25,2.04,11.58-10.46-5.43-10.41,5.52,1.94-11.6-8.48-8.17,11.66-1.74Z"/>
  </g>
  <g>
    <path class="cls-1" d="M648.53,67.36h-27.9v27.94h27.9v-27.94Z"/>
    <path class="cls-6" d="M638.9,60.37h-27.9v27.94h27.9v-27.94Z"/>
    <path class="cls-2" d="M629.28,53.39h-27.9v27.94h27.9v-27.94Z"/>
  </g>
  <g>
    <path class="cls-2" d="M679.29,53.39h-27.9v27.94h27.9v-27.94Z"/>
    <path class="cls-1" d="M698.54,67.36h-27.9v27.94h27.9v-27.94Z"/>
    <path class="cls-6" d="M688.91,60.37h-27.9v27.94h27.9v-27.94Z"/>
  </g>
  <g>
    <path class="cls-2" d="M729.3,53.39h-27.9v27.94h27.9v-27.94Z"/>
    <path class="cls-6" d="M738.92,60.37h-27.9v27.94h27.9v-27.94Z"/>
    <path class="cls-1" d="M748.55,67.36h-27.9v27.94h27.9v-27.94Z"/>
  </g>
  <g>
    <path class="cls-2" d="M725,131.74l-15.42-15.38,15.42-15.38,15.42,15.38-15.42,15.38Z"/>
    <path class="cls-6" d="M725,140.24l-15.42-15.38,15.42-15.38,15.42,15.38-15.42,15.38Z"/>
    <path class="cls-1" d="M725,148.97l-15.42-15.38,15.42-15.38,15.42,15.38-15.42,15.38Z"/>
  </g>
  <g>
    <path class="cls-2" d="M675,131.74l-15.42-15.38,15.42-15.38,15.42,15.38-15.42,15.38Z"/>
    <path class="cls-1" d="M675,148.97l-15.42-15.38,15.42-15.38,15.42,15.38-15.42,15.38Z"/>
    <path class="cls-6" d="M675,140.24l-15.42-15.38,15.42-15.38,15.42,15.38-15.42,15.38Z"/>
  </g>
  <g>
    <path class="cls-1" d="M625,148.97l-15.42-15.38,15.42-15.38,15.42,15.38-15.42,15.38Z"/>
    <path class="cls-6" d="M625,140.24l-15.42-15.38,15.42-15.38,15.42,15.38-15.42,15.38Z"/>
    <path class="cls-2" d="M625,131.74l-15.42-15.38,15.42-15.38,15.42,15.38-15.42,15.38Z"/>
  </g>
  <g>
    <path class="cls-2" d="M366.9,180.47h16.21l8.1-13.94-8.1-13.94h-16.21l-8.11,13.94,8.11,13.94Z"/>
    <path class="cls-4" d="M366.9,198.59h16.21l8.1-13.94-8.1-13.94h-16.21l-8.11,13.94,8.11,13.94Z"/>
    <path class="cls-1" d="M366.9,189.53h16.21l8.1-13.94-8.1-13.94h-16.21l-8.11,13.94,8.11,13.94Z"/>
  </g>
  <g>
    <path class="cls-2" d="M369.77,212.4l5.17-10.57,5.26,10.52,11.68,1.64-8.41,8.25,2.04,11.58-10.46-5.43-10.41,5.52,1.94-11.6-8.48-8.17,11.66-1.74Z"/>
    <path class="cls-4" d="M369.77,226.32l5.17-10.57,5.26,10.53,11.68,1.64-8.41,8.24,2.04,11.58-10.46-5.43-10.41,5.52,1.94-11.6-8.48-8.17,11.66-1.74Z"/>
    <path class="cls-1" d="M369.77,219.36l5.17-10.57,5.26,10.52,11.68,1.64-8.41,8.25,2.04,11.58-10.46-5.43-10.41,5.52,1.94-11.6-8.48-8.17,11.66-1.74Z"/>
  </g>
  <g>
    <path class="cls-4" d="M419.77,226.32l5.17-10.57,5.26,10.53,11.68,1.64-8.41,8.24,2.04,11.58-10.46-5.43-10.41,5.52,1.94-11.6-8.48-8.17,11.66-1.74Z"/>
    <path class="cls-1" d="M419.77,219.36l5.17-10.57,5.26,10.52,11.68,1.64-8.41,8.25,2.04,11.58-10.46-5.43-10.41,5.52,1.94-11.6-8.48-8.17,11.66-1.74Z"/>
    <path class="cls-2" d="M419.77,212.4l5.17-10.57,5.26,10.52,11.68,1.64-8.41,8.25,2.04,11.58-10.46-5.43-10.41,5.52,1.94-11.6-8.48-8.17,11.66-1.74Z"/>
  </g>
  <g>
    <path class="cls-4" d="M498.5,67.36h-27.9v27.94h27.9v-27.94Z"/>
    <path class="cls-5" d="M488.87,60.37h-27.9v27.94h27.9v-27.94Z"/>
    <path class="cls-3" d="M479.25,53.39h-27.9v27.94h27.9v-27.94Z"/>
  </g>
  <g>
    <path class="cls-3" d="M529.26,53.39h-27.9v27.94h27.9v-27.94Z"/>
    <path class="cls-4" d="M548.51,67.36h-27.9v27.94h27.9v-27.94Z"/>
    <path class="cls-5" d="M538.88,60.37h-27.9v27.94h27.9v-27.94Z"/>
  </g>
  <g>
    <path class="cls-3" d="M579.27,53.39h-27.9v27.94h27.9v-27.94Z"/>
    <path class="cls-5" d="M588.89,60.37h-27.9v27.94h27.9v-27.94Z"/>
    <path class="cls-4" d="M598.52,67.36h-27.9v27.94h27.9v-27.94Z"/>
  </g>
  <g>
    <path class="cls-3" d="M469.77,212.4l5.17-10.57,5.26,10.52,11.68,1.64-8.41,8.25,2.04,11.58-10.46-5.43-10.41,5.52,1.94-11.6-8.48-8.17,11.66-1.74Z"/>
    <path class="cls-5" d="M469.77,219.36l5.17-10.57,5.26,10.52,11.68,1.64-8.41,8.25,2.04,11.58-10.46-5.43-10.41,5.52,1.94-11.6-8.48-8.17,11.66-1.74Z"/>
    <path class="cls-4" d="M469.77,226.32l5.17-10.57,5.26,10.53,11.68,1.64-8.41,8.24,2.04,11.58-10.46-5.43-10.41,5.52,1.94-11.6-8.48-8.17,11.66-1.74Z"/>
  </g>
  <g>
    <path class="cls-4" d="M483.1,170.72h-16.21l-8.1,13.94,8.1,13.94h16.21l8.11-13.94-8.11-13.94Z"/>
    <path class="cls-5" d="M483.1,161.65h-16.21l-8.1,13.94,8.1,13.94h16.21l8.11-13.94-8.11-13.94Z"/>
    <path class="cls-3" d="M483.1,152.59h-16.21l-8.1,13.94,8.1,13.94h16.21l8.11-13.94-8.11-13.94Z"/>
  </g>
  <g>
    <path class="cls-3" d="M566.9,180.47h16.21l8.1-13.94-8.1-13.94h-16.21l-8.11,13.94,8.11,13.94Z"/>
    <path class="cls-5" d="M566.9,189.53h16.21l8.1-13.94-8.1-13.94h-16.21l-8.11,13.94,8.11,13.94Z"/>
    <path class="cls-4" d="M566.9,198.59h16.21l8.1-13.94-8.1-13.94h-16.21l-8.11,13.94,8.11,13.94Z"/>
  </g>
  <g>
    <path class="cls-3" d="M575,131.74l-15.42-15.38,15.42-15.38,15.42,15.38-15.42,15.38Z"/>
    <path class="cls-5" d="M575,140.24l-15.42-15.38,15.42-15.38,15.42,15.38-15.42,15.38Z"/>
    <path class="cls-4" d="M575,148.97l-15.42-15.38,15.42-15.38,15.42,15.38-15.42,15.38Z"/>
  </g>
  <g>
    <path class="cls-3" d="M525,131.74l-15.42-15.38,15.42-15.38,15.42,15.38-15.42,15.38Z"/>
    <path class="cls-4" d="M525,148.97l-15.42-15.38,15.42-15.38,15.42,15.38-15.42,15.38Z"/>
    <path class="cls-5" d="M525,140.24l-15.42-15.38,15.42-15.38,15.42,15.38-15.42,15.38Z"/>
  </g>
  <g>
    <path class="cls-4" d="M475,148.97l-15.42-15.38,15.42-15.38,15.42,15.38-15.42,15.38Z"/>
    <path class="cls-5" d="M475,140.24l-15.42-15.38,15.42-15.38,15.42,15.38-15.42,15.38Z"/>
    <path class="cls-3" d="M475,131.74l-15.42-15.38,15.42-15.38,15.42,15.38-15.42,15.38Z"/>
  </g>
  <g>
    <path class="cls-3" d="M516.9,180.47h16.21l8.1-13.94-8.1-13.94h-16.21l-8.11,13.94,8.11,13.94Z"/>
    <path class="cls-4" d="M516.9,198.59h16.21l8.1-13.94-8.1-13.94h-16.21l-8.11,13.94,8.11,13.94Z"/>
    <path class="cls-5" d="M516.9,189.53h16.21l8.1-13.94-8.1-13.94h-16.21l-8.11,13.94,8.11,13.94Z"/>
  </g>
  <g>
    <path class="cls-3" d="M519.77,212.4l5.17-10.57,5.26,10.52,11.68,1.64-8.41,8.25,2.04,11.58-10.46-5.43-10.41,5.52,1.94-11.6-8.48-8.17,11.66-1.74Z"/>
    <path class="cls-4" d="M519.77,226.32l5.17-10.57,5.26,10.53,11.68,1.64-8.41,8.24,2.04,11.58-10.46-5.43-10.41,5.52,1.94-11.6-8.48-8.17,11.66-1.74Z"/>
    <path class="cls-5" d="M519.77,219.36l5.17-10.57,5.26,10.52,11.68,1.64-8.41,8.25,2.04,11.58-10.46-5.43-10.41,5.52,1.94-11.6-8.48-8.17,11.66-1.74Z"/>
  </g>
  <g>
    <path class="cls-4" d="M569.77,226.32l5.17-10.57,5.26,10.53,11.68,1.64-8.41,8.24,2.04,11.58-10.46-5.43-10.41,5.52,1.94-11.6-8.48-8.17,11.66-1.74Z"/>
    <path class="cls-5" d="M569.77,219.36l5.17-10.57,5.26,10.52,11.68,1.64-8.41,8.25,2.04,11.58-10.46-5.43-10.41,5.52,1.94-11.6-8.48-8.17,11.66-1.74Z"/>
    <path class="cls-3" d="M569.77,212.4l5.17-10.57,5.26,10.52,11.68,1.64-8.41,8.25,2.04,11.58-10.46-5.43-10.41,5.52,1.94-11.6-8.48-8.17,11.66-1.74Z"/>
  </g>
  <g>
    <path class="cls-6" d="M19.77,212.4l5.17-10.57,5.26,10.52,11.68,1.64-8.41,8.25,2.04,11.58-10.46-5.43-10.41,5.52,1.94-11.6-8.48-8.17,11.66-1.74Z"/>
    <path class="cls-3" d="M19.77,219.36l5.17-10.57,5.26,10.52,11.68,1.64-8.41,8.25,2.04,11.58-10.46-5.43-10.41,5.52,1.94-11.6-8.48-8.17,11.66-1.74Z"/>
    <path class="cls-5" d="M19.77,226.32l5.17-10.57,5.26,10.53,11.68,1.64-8.41,8.24,2.04,11.58-10.46-5.43-10.41,5.52,1.94-11.6-8.48-8.17,11.66-1.74Z"/>
  </g>
  <g>
    <path class="cls-5" d="M33.1,170.72H16.9l-8.1,13.94,8.1,13.94h16.21l8.11-13.94-8.11-13.94Z"/>
    <path class="cls-3" d="M33.1,161.65H16.9l-8.1,13.94,8.1,13.94h16.21l8.11-13.94-8.11-13.94Z"/>
